Final Reward, Lenght
-221.32988051510273, 239.3
-296.435505713864, 525.6
-169.54873841544327, 263.4
-50.18440312654094, 149.8
-107.96852652178299, 208.8
-99.45049018586003, 152.0
-212.00682288007715, 246.4
-190.25020695623851, 360.5
-336.10102018215645, 469.5
-99.56375346919165, 159.2
-223.8498387423886, 246.5
-226.906324446192, 230.5
-77.81813130278867, 241.8
-50.73012329586728, 166.2
-62.149355815231765, 135.7
-238.62832756238703, 252.2
-213.58680948273985, 269.2
-114.14255094473235, 265.7
-433.65669475512993, 331.2
-10.874010270730395, 90.4
-200.0809122932763, 356.6
-125.39082966202636, 185.4
-149.76413114072142, 236.4
-251.7017609067194, 431.1
-198.88932188699846, 212.1
-87.86890551403594, 139.7
-260.58464037525493, 266.6
-177.40474375219748, 136.7
-142.61092370946017, 280.0
-27.874301319446733, 82.1
-107.58432765087855, 156.1
-346.8954082251401, 346.0
-371.6678471335582, 547.6
-256.6645889006482, 344.3
-119.05979044231076, 229.1
-306.370554292408, 439.2
-340.1662602337973, 341.4
-162.73324577077938, 239.4
-12.843785063162064, 40.5
-184.1932041623116, 252.4
-192.17333266464328, 168.5
-50.075539688375706, 82.4
-64.41634234644665, 242.2
-309.75771832863666, 349.7
-267.5825376670873, 434.7
-239.84426299514598, 277.1
-232.3160524841334, 309.4
-176.0334682095525, 245.3
-118.53408739666145, 144.4
-33.51265433104718, 68.7
-31.74905936497684, 238.9
-451.3460580001729, 418.5
-61.684254677184775, 188.0
-154.79327935748734, 249.5
-132.11451712771094, 156.9
-193.1032139314897, 241.4
-83.41755281476631, 127.2
-251.45661092526015, 570.9
-50.79972103925671, 63.9
-101.57009792997901, 126.7
-15.868022487536646, 48.9
-172.0697767299438, 229.6
-196.4655461320866, 245.8
-3.043748374921054, 59.3
-154.0237979492136, 164.6
-301.7261248773434, 326.7
-216.59790937164135, 262.2
-108.97720871837552, 150.2
-106.30364939572515, 159.5
-122.74660020265, 276.7
-239.35632340307262, 436.7
-333.1575086815839, 425.6
-101.29281574613074, 131.5
-325.5361237507779, 340.2
-69.72830423369298, 135.6
-22.733958759307235, 52.4
-125.5887681512468, 222.2
-156.8523260995961, 237.5
-35.29522969101405, 257.1
-43.144807625996535, 81.8
-89.10529050796589, 246.3
-386.5936300635261, 455.6
-177.79254816159542, 228.2
-86.95763178337228, 141.2
-189.87317286000697, 257.8
-198.82659460182427, 337.5
-105.66653636339746, 158.4
-253.41840338422554, 357.0
-223.1819060559189, 249.0
-46.8052174344857, 85.8
-353.55043212131307, 439.9
-354.8951293707047, 353.2
-115.69580653970866, 139.7
-285.3249957297281, 347.0
-284.16590880653337, 353.9
-168.59444673914223, 197.0
-163.38728004805722, 239.0
-123.28209048548604, 128.1
-328.1212704986402, 417.2
-392.74450503982905, 455.9
-51.98501015611625, 94.8
-191.03903580293394, 262.5
-608.1312985482806, 611.4
-135.1960198422268, 252.7
-156.11186080377098, 152.6
-70.65502626972417, 190.2
-302.19928237852696, 391.2
-152.2560290474525, 185.8
-165.93535564123513, 245.8
-200.2251291052267, 371.0
-321.89368738317955, 355.2
-236.65987393793293, 245.8
-327.77667397692284, 345.2
-94.86975165444323, 149.2
-187.8175149762427, 326.5
-122.97354068017133, 156.3
-147.30612595662268, 181.6
-558.7121622902866, 812.3
-20.469683929336934, 49.4
-222.36870271535545, 310.2
-294.0000540898979, 363.8
-146.6383928839993, 260.0
-188.6890040108532, 246.0
-173.01298313466992, 157.4
-314.2864955182095, 353.6
-522.6711737708376, 478.8
-458.60921736875855, 520.6
-178.5377928552476, 277.2
-238.94158504108037, 248.3
-369.5686454030677, 554.4
-93.04991434270761, 167.8
-98.30846362244684, 230.2
-26.363383378319337, 79.3
-102.1886250024265, 145.5
-337.33505029451754, 347.9
-163.10133017564604, 242.3
-303.4290295569841, 375.8
36.38431949299827, 280.4
-522.8349433923756, 566.5
-234.570431456734, 386.6
-130.62053937030305, 330.8
-464.8926824593776, 542.2
-189.02541847138838, 267.4
-357.33545971859775, 451.7
-199.80650283299343, 350.1
-304.56653404034296, 245.0
-258.1421439269228, 360.9
-298.47823402778056, 329.3
-86.94395875113705, 146.3
-22.82428350792596, 52.4
-133.77841153983664, 172.3
-86.96361202281989, 213.7
-266.3494121772027, 338.7
-110.6183122157726, 158.4
-164.22173310781946, 334.2
-228.8955756018441, 287.3
-259.01877270022385, 304.1
-170.80579394260445, 247.6
-37.08132794907565, 156.5
-230.78883770772637, 464.9
-225.99934555592873, 255.3
-248.988836612424, 337.3
-549.7991424518044, 480.3
-146.08313275316323, 212.6
-262.11289291324744, 357.9
-206.14339235852236, 207.4
-205.18458385964828, 262.4
-116.86681189653866, 139.2
-27.181233950445197, 63.2
-173.19667855717498, 245.0
-131.90117842787072, 135.1
-160.52752197092786, 262.1
-26.186045691730044, 55.1
-140.4220124072005, 184.9
-245.21437273557802, 291.1
-343.396384718471, 377.7
-23.234819187731077, 62.1
-128.33466844737285, 332.7
-241.93430808932786, 246.1
-238.05498478720293, 239.3
-282.9871658473493, 357.0
-74.30874933948101, 101.0
-108.60097687936282, 170.8
-368.9349919910324, 443.5
-318.3539304488215, 538.3
-293.15249076805446, 527.6
-266.40548714778373, 525.6
-165.8361021694855, 141.9
-181.8698293306639, 281.4
-32.81703644696539, 70.0
-134.92644634251207, 181.3
-414.50675965273024, 425.1
-93.05747386872204, 139.7
-183.6794230203565, 249.7
-154.40226154780862, 422.2
-241.5158112741321, 351.9
-283.32879837211283, 345.9
3.894436390299164, 64.0
-69.11756908611595, 170.3
-443.26519397313086, 359.2
-66.91689111965779, 152.1
-66.13302450579485, 91.0
-257.5579492164287, 356.3
-151.06183683239857, 145.5
-358.6055041582322, 550.2
-154.34167125150148, 174.1
-311.60335190249276, 426.8
-345.1350179722408, 295.3
-189.498911363765, 231.4
-427.0540180039784, 450.0
-41.34597812601677, 76.1
-406.27783013030495, 286.6
-144.71155147764097, 301.7
-133.4195822837696, 193.0
